-3
>399392 399396 29 12 252 -76 -198 -398 -96 -1 -7
>399400 399405 3 -4 285 -76 -198 -398 -93 -6 1
>399409 399413 17 6 284 -76 -198 -398 -98 -4 3
>399417 399421 -4 -16 270 -69 -198 -408 -94 -6 -5
>399425 399429 19 -3 282 -69 -198 -408 -93 -6 -3
>399433 399437 31 23 244 -69 -198 -408 -98 -6 -1
>399441 399446 -8 -17 283 -69 -198 -408 -94 -6 1
>399450 399454 31 -21 228 -69 -198 -408 -94 -5 -2
>399460 399462 19 -26 257 -69 -198 -408 -99 0 -6
>399468 399470 27 -2 234 -69 -198 -408 -96 -6 -5
>399476 399480 14 -5 267 -69 -198 -408 -95 -4 -3
>399484 399489 4 -10 262 -78 -194 -400 -96 -8 -1
>399493 399497 15 -1 271 -78 -194 -400 -93 -5 -5
>399501 399505 37 21 228 -78 -194 -400 -95 -6 -1
>399509 399513 13 -3 281 -78 -194 -400 -95 -4 -5
>399517 399521 10 -2 259 -78 -194 -400 -99 -4 -2
>399525 399529 43 -8 206 -78 -194 -400 -98 -2 -4
>399534 399538 16 -12 241 -78 -194 -400 -94 -4 -2
>399542 399546 19 14 286 -78 -194 -400 -94 -7 -1
>399550 399554 9 1 241 -77 -195 -401 -97 -4 -5
>399558 399562 9 -25 253 -77 -195 -401 -94 -6 -3
>399566 399570 1 -25 257 -77 -195 -401 -94 -4 0
>399575 399579 15 6 285 -77 -195 -401 -93 -4 -2
>399583 399587 18 9 272 -77 -195 -401 -96 -10 -1
>399591 399595 12 -7 274 -77 -195 -401 -91 -5 -2
>399599 399603 10 3 291 -77 -195 -401 -93 -6 -4
>399607 399611 30 10 241 -77 -195 -401 -94 -6 -2
>399616 399620 31 20 268 -71 -195 -406 -98 -3 -4
>399626 399628 8 -5 269 -71 -195 -406 -96 -6 -1
>399634 399636 11 2 272 -71 -195 -406 -98 -7 -1
>399642 399644 23 -22 236 -71 -195 -406 -94 -4 -3
>399650 399654 24 4 292 -71 -195 -406 -91 -2 -2
>399659 399663 25 -3 251 -71 -195 -406 -94 -8 -4
>399667 399671 17 11 229 -71 -195 -406 -94 -7 -4
>399675 399679 -4 -22 258 -71 -195 -406 -94 -8 0
>399683 399687 11 -7 271 -65 -196 -416 -93 -2 -6
>399691 399695 38 2 237 -65 -196 -416 -96 -6 -3
>399699 399704 4 -12 274 -65 -196 -416 -95 -7 -5
>399708 399712 8 -3 266 -65 -196 -416 -100 -6 2
>399716 399720 7 -4 265 -65 -196 -416 -97 -4 -4
>399724 399728 -3 -14 254 -65 -196 -416 -95 -4 -4
>399732 399736 27 20 213 -65 -196 -416 -94 -6 -3
>399740 399745 -4 -13 273 -65 -196 -416 -95 -8 -3
>399749 399753 19 14 272 -65 -196 -416 -95 -4 -2
>399757 399761 31 4 232 -75 -198 -400 -94 -5 -5
>399765 399769 24 4 222 -75 -198 -400 -95 -5 -5
>399773 399777 36 9 253 -75 -198 -400 -96 -1 -3
>399781 399785 30 19 253 -75 -198 -400 -94 -7 0
>399790 399794 12 6 262 -75 -198 -400 -96 -4 1
>399798 399802 15 15 276 -75 -198 -400 -94 -6 -6
>399806 399810 4 -18 249 -75 -198 -400 -93 -7 -3
>399814 399818 17 -2 305 322 5007 -15872 -93 -6 -3
>399824 399826 16 -13 256 -75 -195 -402 -93 -5 -3
>399833 399837 38 24 198 -75 -195 -402 -95 -6 -2
>399841 399845 -11 -36 260 -75 -195 -402 -95 -5 0
>399849 399853 14 -16 244 -75 -195 -402 -97 -3 -1
>399857 399861 11 -17 263 -75 -195 -402 -95 -5 -4
>399865 399869 2 -5 283 -75 -195 -402 -95 -2 -6
>399874 399878 15 -20 245 -75 -195 -402 -95 -8 -1
>399882 399886 17 -7 228 -75 -195 -402 -97 -6 -2
>399890 399894 8 -5 271 -80 -209 -400 -96 -5 -1
>399898 399902 19 1 285 -80 -209 -400 -96 -6 -1
>399906 399910 17 8 291 -80 -209 -400 -93 -8 1
>399915 399919 0 -9 263 -80 -209 -400 -95 -6 -1
>399923 399927 34 -6 230 -80 -209 -400 -94 -7 -4
>399931 399935 16 3 293 -80 -209 -400 -97 -4 0
>399939 399943 15 2 232 -80 -209 -400 -95 -9 -3
>399947 399951 36 6 228 -80 -209 -400 -93 -5 -7
>399955 399960 24 5 250 -81 -198 -402 -95 -4 1
>399964 399968 9 2 278 -81 -198 -402 -96 -7 -3
>399972 399976 1 -7 266 -81 -198 -402 -96 -7 -3
>399980 399984 10 7 274 -81 -198 -402 -93 -10 -6
>399988 399992 26 24 300 -81 -198 -402 -96 -10 -2
>399996 400001 33 13 234 -81 -198 -402 -97 -6 -6
>400005 400009 31 26 239 -81 -198 -402 -97 -5 -6
>400013 400017 20 12 268 -81 -198 -402 -97 -2 -3
>400021 400025 7 -5 244 -81 16904 -506 -93 -7 -2
>400031 400033 12 -11 257 -75 -212 -400 -95 -4 -5
>400039 400044 -3 -20 250 -75 -212 -400 -96 -6 -6
>400048 400052 16 16 290 -75 -212 -400 -93 -6 -4
>400056 400060 29 -33 252 -75 -212 -400 -95 -4 -2
>400064 400068 15 6 269 -75 -212 -400 -96 -5 -5
>400072 400076 -7 -20 255 -75 -212 -400 -99 -5 -3
>400080 400084 34 25 247 -75 -212 -400 -96 -4 -3
>400089 400093 22 -24 276 -75 -212 -400 -95 -6 1
>400097 400101 5 -1 276 -84 -202 -408 -95 -3 -3
>400105 400109 14 5 280 -84 -202 -408 -98 -6 -5
>400113 400117 2 0 259 -84 -202 -408 -96 -6 -3
>400121 400125 19 8 284 -84 -202 -408 -93 -8 -2
>400130 400134 18 8 281 -84 -202 -408 -96 -5 -3
>400138 400142 24 15 281 -84 -202 -408 -96 -4 -1
>400146 400150 23 17 257 -84 -202 -408 -97 -4 -2
>400154 400158 13 2 281 -84 -202 -408 -95 -6 -3
>400162 400166 2 -35 250 -92 -192 -408 -97 -5 1
>400171 400175 29 -2 237 -92 -192 -408 -92 -1 -5
>400179 400183 17 -44 244 -92 -192 -408 -95 -5 -2
>400187 400191 4 1 279 -92 -192 -408 -93 -5 -3
>400195 400199 14 -11 253 -92 -192 -408 -97 -5 -5
>400205 400207 5 -12 261 -92 -192 -408 -97 -1 -2
>400214 400216 -13 -24 263 -92 -192 -408 -95 -8 -4
>400222 400226 25 13 279 -92 -192 -408 -95 -4 -4
>400230 400234 30 15 242 -78 -196 -402 -96 -6 -4
>400238 400242 20 6 232 -78 -196 -402 -96 -8 -4
>400246 400250 15 16 265 -78 -196 -402 -96 -5 -2
>400254 400259 37 27 235 -78 -196 -402 -94 -8 -2
>400263 400267 35 5 236 -78 -196 -402 -96 -7 -6
>400271 400275 38 6 246 -78 -196 -402 -93 -5 0
>400279 400283 2 -9 275 -78 2231 1602 -95 -3 2
>400287 400291 -6 -15 250 -78 -196 -402 -93 -7 -2
>400295 400300 21 -18 231 322 5007 -15872 -93 -5 -4
>400304 400308 8 3 278 -81 -190 -416 -98 -4 -3
>400312 400316 11 2 279 -81 -190 -416 -96 -7 -2
>400320 400324 6 -5 268 -81 -190 -416 -96 -7 -3
>400328 400332 28 0 217 -81 -190 -416 -95 -6 -3
>400336 400340 6 -15 270 -81 -190 -416 -97 -7 -5
>400345 400349 1 -15 249 -81 -190 -416 -98 -7 -7
>400353 400357 23 -11 247 -81 -190 -416 -95 -6 -2
>400361 400365 -9 -27 261 -81 -190 -416 -96 -7 -3
>400371 400373 16 0 278 -81 -190 -416 -96 -6 -4
>400379 400381 0 -5 262 -81 -190 -416 -94 -4 -2
>400388 400390 36 -19 249 -81 -190 -416 -96 -5 -3
>400396 400400 14 5 275 -81 -190 -416 -96 -7 -2
>400404 400408 -10 -12 283 -81 -190 -416 -95 -3 -4
>400412 400416 16 4 292 -81 -190 -416 -98 -6 -3
>400420 400424 3 -2 264 -81 -190 -416 -95 -5 -1
>400429 400433 2 -4 271 -81 -190 -416 -96 -5 -1
>400437 400441 40 -11 219 -72 -197 -396 -94 -5 -3
>400445 400449 22 26 267 -72 -197 -396 -96 -8 -3
>400453 400457 -1 2 278 -72 -197 -396 -95 -5 -3
>400461 400465 27 21 287 -72 -197 -396 -97 -3 -5
>400470 400474 29 24 287 -72 -197 -396 -97 -7 -5
>400478 400482 19 11 258 -72 -197 -396 -93 -7 -5
>400486 400490 27 21 218 -72 -197 -396 -94 -3 -3
>400494 400498 15 1 289 -72 -197 -396 -96 -8 0
>400502 400506 29 16 247 -69 -208 -400 -95 -2 -4
>400510 400515 23 12 277 -18688 -15872 322 -95 -5 -7
>400521 400525 25 15 289 -69 -208 -400 -94 -5 -4
>400529 400533 11 -9 246 -69 -208 -400 -97 -6 -2
>400537 400541 17 3 285 -69 -208 -400 -95 -3 -5
>400545 400549 18 -1 263 -69 -208 -400 -93 -3 -3
>400553 400558 3 -17 260 -69 -208 -400 -98 -6 -1
>400562 400566 9 -3 257 -69 -208 -400 -95 -6 -3
>400570 400574 16 19 228 -72 -192 -402 -94 -5 -2
>400578 400582 1 -18 266 -72 -192 -402 -97 -12 -3
>400586 400590 -11 -27 262 -72 -192 -402 -95 -3 -4
>400594 400599 13 6 280 -72 -192 -402 -94 -7 -3
>400603 400607 13 -19 279 -72 -192 -402 -97 -9 -2
>400613 400615 -7 -36 278 -72 -192 -402 -95 -7 -2
>400621 400625 33 0 214 -72 -192 -402 -96 -3 -1
>400629 400633 0 -19 253 -72 -192 -402 -96 -6 -6
>400637 400642 19 -9 254 -80 -198 -400 -97 -4 -2
>400646 400650 -7 -16 270 -80 -198 -400 -94 -8 -3
>400654 400658 22 17 296 -80 -198 -400 -95 -2 -3
>400662 400666 24 16 297 -80 -198 -400 -92 -7 -3
>400670 400674 31 -9 231 -80 -198 -400 -94 -5 0
>400678 400683 14 6 276 -80 -198 -400 -96 -3 0
>400687 400691 20 14 294 -80 2231 1602 -95 -5 -3
>400695 400699 20 17 257 -80 -198 -400 -94 -4 -5
>400703 400707 5 -22 253 -80 -200 -413 -94 -3 0
>400711 400715 28 3 222 -80 -200 -413 -95 -7 -1
>400719 400723 -6 -17 263 -80 -200 -413 -93 -3 -5
>400728 400732 27 10 248 -80 -200 -413 -92 -4 -2
>400736 400740 2 -30 267 -80 -200 -413 -95 -7 -4
>400744 400748 6 2 292 1 19 17090 -96 -2 -4
>400752 400756 33 -8 265 -80 -200 -413 -92 -5 -3
>400760 400764 24 23 282 -80 -200 -413 -96 -8 -5
>400769 400773 27 23 275 -80 -200 -413 -94 -6 -6
>400777 400781 30 28 256 -86 -201 -398 -96 -4 -4
>400785 400789 31 3 269 -86 -201 -398 -94 -5 -3
>400793 400797 17 -29 245 -86 -201 -398 -94 -3 -2
>400801 400805 9 6 292 -86 -201 -398 -97 -8 0
>400809 400814 29 11 273 -86 -201 -398 -95 -5 -2
>400818 400822 23 -2 236 -86 -201 -398 -98 -4 -3
>400826 400830 27 19 235 -86 -201 -398 -94 -5 -2
>400834 400838 23 20 260 -86 -201 -398 -96 -5 -3
>400844 400846 26 11 244 -84 -204 -400 -93 -7 -2
>400852 400855 5 -16 256 -84 -204 -400 -93 -3 0
>400861 400863 31 29 289 -84 -204 -400 -91 -5 -2
>400869 400873 -14 -27 267 -84 -204 -400 -97 -6 -3
>400877 400881 12 4 275 -84 -204 -400 -94 -3 -4
>400885 400889 3 -24 249 -84 -204 -400 -95 -6 -1
>400893 400898 9 -6 260 -84 -204 -400 -93 -8 -8
>400902 400906 18 -7 250 -84 -204 -400 -94 -2 -1
>400910 400914 25 -2 253 -87 -204 -400 -94 -5 -4
>400918 400922 4 0 278 -87 -204 -400 -96 -5 -3
>400926 400930 1 -8 271 -87 -204 -400 -97 -6 -2
>400934 400939 26 7 275 -87 -204 -400 -92 -4 -3
>400943 400947 6 2 286 -87 -204 -400 -96 -2 1
>400951 400955 8 4 273 -87 -204 -400 -97 -7 -3
>400959 400963 5 -23 263 -87 -204 -400 -93 -7 1
>400967 400969 10 -2 289 -87 -204 -400 -92 -6 -2
>400975 400979 27 2 254 -88 -205 -410 -94 -7 2
>400984 400986 12 6 254 -88 -205 -410 -92 -5 -4
>400992 400994 21 -23 246 -88 -205 -410 -94 -7 -2
>401000 401004 15 -2 284 -88 -205 -410 -96 -7 -1
>401008 401012 -10 -22 257 -88 -205 -410 -97 -7 -2
>401016 401020 27 -22 246 -88 -205 -410 -95 -5 -4
>401025 401029 38 15 208 -88 -205 -410 -98 -7 -1
>401033 401037 -14 -13 270 -88 -205 -410 -95 -5 -4
>401041 401045 40 13 241 -88 -205 -410 -96 -4 -5
>401051 401053 4 -30 251 -88 -205 -410 -98 -6 -1
>401059 401061 -10 -21 277 -88 -205 -410 -92 -5 -4
>401068 401072 0 -29 256 -88 -205 -410 -96 -3 -3
>401076 401080 26 21 291 -88 -205 -410 -97 -5 0
>401084 401088 -2 -15 271 -88 -205 -410 -93 -7 -2
>401092 401096 3 -26 251 -88 -205 -410 -96 -6 -4
>401100 401104 10 -16 235 -88 -205 -410 -95 -4 -3
>401108 401113 22 21 294 -88 -205 -410 -95 -2 -2
>401117 401121 17 2 266 -75 -202 -400 -96 -9 -1
>401125 401129 1 -17 264 -75 -202 -400 -96 -8 -3
>401133 401137 15 -7 254 -75 -202 -400 -95 -4 -3
>401141 401145 14 -2 257 -75 -202 -400 -94 -8 -3
>401152 401154 38 -11 224 -75 -202 -400 -96 -4 0
>401160 401162 15 8 288 -75 -202 -400 -97 -6 -5
>401168 401170 15 19 292 -75 -202 -400 -96 0 1
>401174 401178 20 12 245 -75 -202 -400 -98 -6 -2
>401184 401186 17 8 279 -76 -195 -408 -93 -6 -2
>401192 401195 20 18 279 -76 -195 -408 -91 -7 -5
>401201 401203 15 2 280 -76 -195 -408 -96 -8 -6
>401209 401211 34 9 220 -76 -195 -408 -96 -3 -4
>401217 401219 14 -33 255 -76 -195 -408 -96 -5 -4
>401225 401229 11 -4 288 -76 -195 -408 -92 -7 -4
>401233 401238 27 4 262 -76 -195 -408 -98 -4 -1
>401242 401246 19 0 265 -76 -195 -408 -95 -7 -1
>401250 401254 15 -8 260 -73 -194 -402 -95 -5 -4
>401258 401262 21 12 293 -73 -194 -402 -95 -4 -4
>401266 401270 31 8 219 -73 -194 -402 -93 -7 -1
>401274 401278 12 4 284 -73 -194 -402 -92 -3 0
>401283 401287 31 1 233 -73 -194 -402 -99 -6 0
>401291 401295 25 6 262 -73 -194 -402 -95 -11 -5
>401299 401303 25 11 289 -73 -194 -402 -96 -5 -6
>401307 401311 29 18 238 -73 -194 -402 -93 -5 -4
>401315 401319 34 8 245 -72 -198 -404 -100 -6 3
>401324 401328 21 12 300 -72 -198 -404 -95 -5 -5
>401332 401336 19 12 288 -72 -198 -404 -92 -2 -1
>401340 401344 24 -1 237 322 5007 -15872 -97 -5 -3
>401348 401352 1 4 277 -72 -198 -404 -93 -4 -3
>401356 401360 28 13 267 -72 -198 -404 -95 -6 -3
>401364 401369 2 -3 279 -72 -198 -404 -95 -9 -3
>401373 401377 -6 -43 262 -72 -198 -404 -91 -11 -1
>401381 401385 23 19 249 -72 -198 -404 -95 -5 -3
>401389 401393 29 -25 255 -79 -202 -417 -95 -5 -1
>401399 401403 10 4 284 -79 -202 -417 -94 -5 -2
>401408 401410 4 8 290 -79 -202 -417 -97 -5 -4
>401416 401418 5 -6 273 -79 -202 -417 -96 -7 -1
>401424 401426 32 29 216 -79 -202 -417 -96 -9 -2
>401432 401434 35 22 234 -79 -202 -417 -95 -10 -5
>401440 401444 19 -3 267 -79 -202 -417 -96 -4 -5
>401448 401453 -8 -22 262 -79 -202 -417 -92 -6 0
>401457 401461 12 3 279 -83 -202 -404 -97 -8 0
>401465 401469 5 3 277 -83 -202 -404 -95 -7 -1
>401473 401477 16 19 260 -83 -202 -404 -96 -5 -1
>401481 401485 21 -15 249 -83 -202 -404 -96 -3 -5
>401489 401494 19 -20 238 -83 -202 -404 -97 -7 -4
>401498 401502 12 -2 242 -83 -202 -404 -94 -7 -1
>401506 401510 -2 4 264 -83 -202 -404 -92 -7 -3
>401514 401518 14 16 294 -83 -202 -404 -97 -5 -2
>401522 401526 -8 -19 281 -85 -204 -400 -97 -6 0
>401530 401534 36 6 229 -85 -204 -400 -93 -7 -2
>401539 401543 28 5 253 -85 -204 -400 -94 -3 -6
>401547 401551 27 19 284 -85 -204 -400 -97 -12 -2
>401555 401559 31 5 221 322 5007 -15872 -91 -8 -5
>401563 401567 30 7 228 -85 -204 -400 -95 -5 2
>401571 401575 34 -12 232 -85 -204 -400 -97 -5 -1
>401582 401584 31 20 243 322 5007 -15872 -95 -3 -3
>401590 401594 20 2 287 -88 -199 -402 -100 -4 1
>401598 401602 27 -2 267 -88 -199 -402 -95 -7 -3
>401606 401610 -5 -11 267 -88 -199 -402 -93 -5 -1
>401614 401618 16 -6 243 -88 -199 -402 -97 -6 1
>401623 401627 23 0 247 -88 -199 -402 -97 -5 -1
>401631 401635 0 -8 265 -88 -199 -402 -96 -6 -2
>401639 401643 36 9 241 -88 -199 -402 -95 -7 -1
>401647 401651 5 0 263 -88 -199 -402 -97 -6 -8
>401655 401659 -2 -4 277 -85 -194 -400 -94 -4 -7
>401664 401668 0 0 277 -85 -194 -400 -94 -6 -4
>401672 401676 7 -3 270 -85 -194 -400 -94 -7 -2
>401680 401684 16 0 240 322 5007 -15872 -100 -8 -2
>401688 401692 34 22 219 322 5007 -15872 -97 -2 -3
>401696 401700 -17 -18 283 -85 -194 -400 -95 -6 -2
>401704 401709 33 29 268 -85 -194 -400 -94 -7 -4
>401715 401717 7 -14 251 -85 -194 -400 -92 -6 -3
>401723 401725 32 15 252 -85 -194 -400 -97 -6 -8
>401731 401735 27 23 297 -85 -194 -400 -96 -7 -3
>401739 401743 26 19 303 -85 -194 -400 -97 -8 -4
>401747 401752 12 -15 246 -85 -194 -400 -98 -3 -5
>401756 401760 -9 -12 247 -85 -194 -400 -94 -3 -1
>401764 401768 36 24 245 -85 -194 -400 -94 -8 -2
>401772 401776 6 12 290 -85 -194 -400 -94 -7 -5
>401780 401784 21 -6 264 -85 -194 -400 -95 -6 -2
>401788 401793 41 -4 215 -85 -194 -400 -98 -6 -1
>401797 401801 32 11 237 -78 -192 -400 -98 -5 0
>401805 401809 30 0 241 -78 -192 -400 -96 -6 -3
>401813 401817 24 16 230 -78 -192 -400 -94 -3 0
>401821 401825 6 -3 279 -78 -192 -400 -96 -5 -3
>401829 401833 -3 -11 263 -78 -192 -400 -96 -3 -1
>401838 401842 22 -7 272 -78 -192 -400 -99 -5 -2
>401846 401850 10 11 286 -78 -192 -400 -95 -3 -1
>401856 401858 11 -6 253 -78 -192 -400 -95 -4 -4
>401864 401866 12 9 285 -77 -198 -400 -97 -4 -1
>401872 401874 16 0 265 -77 -198 -400 -96 -6 3
>401879 401883 4 -1 292 -77 -198 -400 -92 -8 -3
>401887 401891 9 3 280 -77 -198 -400 -95 -8 -4
>401895 401899 14 -26 265 -77 -198 -400 -93 -5 -3
>401905 401907 -21 -9 268 -77 -198 -400 -96 -3 -3
>401913 401917 41 0 217 -77 -198 -400 -95 -7 -4
>401922 401926 36 19 226 -77 -198 -400 -96 -4 -4
>401930 401934 36 -16 239 -74 -187 -402 -98 -6 -3
>401938 401942 6 -13 269 -74 -187 -402 -94 -7 -6
>401946 401950 24 21 289 -74 -187 -402 -97 -7 0
>401954 401958 -5 0 240 -74 -187 -402 -95 -6 -1
>401963 401967 0 -35 262 -74 -187 -402 -94 -3 0
>401971 401975 -12 -25 261 -74 -187 -402 -94 -8 -3
>401979 401983 7 -5 278 -74 -187 -402 -96 -6 -2
>401987 401991 6 -12 264 -74 -187 -402 -96 -3 -4
>401995 401999 20 22 279 -70 -200 -406 -92 -1 -4
>402003 402008 35 23 215 -70 -200 -406 -95 -6 -2
>402012 402016 2 -12 263 -70 -200 -406 -92 -5 -3
>402020 402024 30 16 288 -70 -200 -406 -96 -6 -2
>402028 402032 1 -23 256 -70 -200 -406 -96 -4 -3
>402038 402040 4 -5 263 -70 -200 -406 -91 -6 -3
>402044 402049 11 6 224 -70 -200 -406 -94 -2 -4
>402053 402057 -5 -21 267 -70 -200 -406 -95 -6 -3
>402063 402065 -3 -4 275 -70 -194 -406 -94 -4 -2
>402071 402075 12 -2 270 -74 -194 -409 -93 -8 -3
>402079 402083 24 -12 240 -74 -194 -409 -95 -8 -4
>402087 402092 1 1 280 -74 -194 -409 -98 -6 -2
>402096 402100 9 -7 267 -74 -194 -409 -96 -5 -2
>402104 402108 22 4 274 -74 -194 -409 -96 -5 -2
>402112 402116 19 9 285 -74 -194 -409 -98 -3 -1
>402120 402124 23 18 275 -74 -194 -409 -95 -4 -4
>402128 402132 9 3 271 -74 -194 -409 -94 -3 -5
>402137 402141 11 15 252 -77 -198 -416 -97 -7 0
>402145 402149 28 24 223 -77 -198 -416 -96 -5 -2
>402153 402157 18 8 283 -77 -198 -416 -95 -7 -2
>402161 402165 13 -2 293 -77 -198 -416 -95 -4 -4
>402169 402173 30 -31 238 -77 -198 -416 -94 -5 -5
>402178 402182 -10 -25 259 -77 -198 -416 -97 -5 -3
>402186 402190 7 7 287 -77 -198 -416 -98 -3 -3
>402194 402198 25 -9 266 -77 -198 -416 -94 -7 -2
>402202 402206 14 -2 268 -81 -195 -402 -94 -2 -3
>402210 402214 25 21 275 -81 -195 -402 -99 -6 -2
>402219 402223 36 27 222 -81 -195 -402 -98 -8 -4
>402227 402231 -1 -23 246 -81 -195 -402 -94 -2 -1
>402237 402239 33 12 235 -81 -195 -402 -93 -6 -1
>402245 402247 7 -19 249 -81 -195 -402 -95 -5 1
>402253 402255 12 16 297 -81 -195 -402 -93 -2 -1
>402262 402266 7 -2 271 -81 -195 -402 -95 -4 -7
>402270 402274 19 -12 242 -79 -202 -400 -98 -5 -3
>402278 402282 32 9 237 -79 -202 -400 -96 -2 -2
>402286 402290 1 -8 273 -79 -202 -400 -97 -5 -3
>402294 402298 10 6 273 -79 -202 -400 -96 -6 -1
>402302 402307 6 -1 270 -79 -202 -400 -96 -6 -5
>402311 402315 27 -9 221 -79 -202 -400 -97 -6 -4
>402319 402323 27 19 254 -79 -202 -400 -94 -6 -4
>402327 402331 26 24 280 -79 -202 -400 -95 -2 -2
>402335 402339 5 -12 280 -88 -209 -408 -96 -4 1
>402343 402348 18 6 250 -88 -209 -408 -96 -4 -4
>402352 402356 28 22 279 -88 -209 -408 -98 -6 -2
>402360 402364 12 5 282 -88 -209 -408 -94 -4 0
>402368 402372 27 -1 257 -88 -209 -408 -97 -7 -3
>402376 402380 3 0 275 -88 -209 -408 -97 -4 -6
>402384 402388 3 3 283 -88 -209 -408 -98 -7 -6
>402393 402397 1 -3 270 -88 -209 -408 -96 -7 -3
>402401 402405 2 2 274 -88 -209 -408 -93 -5 -3
>402409 402411 9 9 287 -85 -196 -400 -95 -7 -5
>402417 402419 8 7 287 -85 -196 -400 -97 -6 -3
>402423 402427 1 -17 256 -85 -196 -400 -95 -8 -5
>402434 402436 26 12 292 -85 -196 -400 -98 -6 -2
>402442 402444 23 15 255 -85 -196 -400 -95 -7 -5
>402450 402452 14 -2 270 -85 -196 -400 -98 -6 -2
>402458 402462 6 -18 273 -85 -196 -400 -95 -6 -4
>402466 402470 23 17 295 -85 -196 -400 -95 -8 -4
>402475 402479 22 -24 240 -81 -192 -402 -94 -4 -4
>402483 402487 11 -4 239 -81 -192 -402 -94 -4 0
>402491 402495 13 11 283 -81 -192 -402 -97 -4 -6
>402499 402503 9 -1 289 -81 -192 -402 -93 -8 -4
>402507 402511 15 -9 240 -81 -192 -402 -95 -5 -2
>402515 402520 31 -16 237 -81 -192 -402 -96 -4 -5
>402524 402528 30 25 240 -81 -192 -402 -94 -8 -3
>402532 402536 33 20 249 -81 -192 -402 -96 -6 -3
>402540 402544 14 11 298 -79 -194 -401 -95 -6 -5
>402548 402552 31 17 242 -79 -194 -401 -94 -5 -3
>402558 402561 4 4 284 -79 -194 -401 -94 -5 1
>402565 402569 29 -1 246 -79 -194 -401 -96 -4 -6
>402573 402577 20 8 279 -79 -194 -401 -95 -5 -1
>402581 402585 -2 -12 275 -79 -194 -401 -96 -5 -3
>402591 402593 9 -5 262 -79 -194 -401 -96 -7 -4
>402599 402601 25 -5 257 -79 -194 -401 -94 -4 -1
>402608 402610 39 12 241 -76 -204 -400 -96 -6 -3
>402616 402620 38 14 223 -76 -204 -400 -95 -8 0
>402624 402626 25 -14 239 -76 -204 -400 -93 -7 -4
>402632 402636 23 -21 264 -76 -204 -400 -93 -8 -3
>402640 402644 28 19 227 -76 -204 -400 -96 -6 -2
>402649 402653 19 6 288 -76 -204 -400 -91 -6 -3
>402657 402661 -3 -9 270 -76 -204 -400 -95 -5 -1
>402665 402669 29 16 270 -76 -204 -400 -96 -6 -3
>402673 402677 -21 -29 266 -76 -204 -400 -94 -5 -6
>402681 402685 35 8 222 -74 -198 -405 -93 -8 -3
>402690 402694 31 -4 244 -74 -198 -405 -95 -2 0
>402698 402702 16 -29 255 -74 -198 -405 -99 -3 -6
>402706 402710 0 -11 278 -74 -198 -405 -97 -4 -2
>402716 402718 -9 -4 283 -74 -198 -405 -95 -9 -2
>402724 402726 0 -14 258 -74 -198 -405 -93 -4 -3
>402733 402737 30 16 249 -74 -198 -405 -94 -4 -4
>402741 402745 39 13 209 -74 -198 -405 -94 -5 -5
>402749 402753 8 -8 278 -74 -200 -396 -95 -4 -3
>402757 402761 13 5 255 -74 -200 -396 -97 -5 -8
>402765 402769 18 -29 245 -74 -200 -396 -94 -4 -5
>402774 402778 20 9 284 -74 -200 -396 -95 -8 -3
>402782 402786 28 25 265 -74 -200 -396 -94 -7 -4
>402790 402794 22 6 216 -74 -200 -396 -97 -6 0
>402798 402802 -11 -19 267 -74 -200 -396 -97 -7 -4
>402806 402810 -17 -22 270 -74 -200 -396 -97 -5 -3
>402814 402819 8 -2 276 -73 -204 -404 -98 -5 -2
>402823 402827 36 1 232 -73 -204 -404 -95 -8 0
>402831 402835 9 -18 246 -73 -204 -404 -95 -4 -3
>402839 402843 11 -7 263 -73 -204 -404 -95 -7 -5
>402847 402851 14 9 277 -73 -204 -404 -98 -5 -1
>402855 402860 26 22 272 -73 -204 -404 -93 -5 -5
>402864 402868 31 -11 231 -73 -204 -404 -96 -9 -1
>402874 402876 -9 -17 263 -73 -204 -404 -99 -7 -4
>402882 402886 -2 -17 241 -79 -193 -404 -92 -6 -3
>402890 402894 27 4 285 -79 -193 -404 -96 -5 -2
>402898 402903 36 28 241 -79 -193 -404 -96 -7 -4
>402907 402911 35 27 228 -79 -193 -404 -96 -1 -2
>402915 402919 4 -6 263 -79 -193 -404 -93 -7 0
>402923 402927 -8 -7 293 -79 -193 -404 -97 -7 -3
>402931 402935 1 -7 263 -79 -193 -404 -93 -2 -5
>402939 402944 24 4 240 -79 -193 -404 -97 -3 -2
>402948 402952 -4 -32 269 -83 -194 -407 -94 -5 -5
>402956 402960 17 5 288 -83 -194 -407 -96 -4 0
>402964 402968 12 -4 245 -83 -194 -407 -97 -6 -6
>402972 402976 23 10 264 -83 -194 -407 -100 -4 -1
>402980 402984 11 -27 255 -83 -194 -407 -97 -7 -2
>402989 402993 10 4 278 -83 -194 -407 -96 -8 -3
>402997 403001 21 -22 288 -83 -194 -407 -94 -6 -4
>403005 403009 20 7 277 -83 -194 -407 -94 -7 -5
>403013 403017 11 6 287 -83 -198 -402 -96 -4 -5
>403021 403025 -7 -22 270 -86 -198 -402 -94 -7 -3
>403032 403034 8 14 242 -86 -198 -402 -94 -6 -3
>403040 403042 28 17 241 -86 -198 -402 -96 -10 -6
>403048 403052 -4 -17 250 -86 -198 -402 -95 -5 -1
>403056 403060 19 -12 247 -86 -198 -402 -95 -7 -1
>403064 403068 4 -13 246 -86 -198 -402 -96 -7 -3
>403073 403077 28 -23 235 -86 -198 -402 -94 -6 -1
>403081 403085 20 16 294 -86 -198 -402 -95 -5 4
>403089 403093 -1 -34 263 -85 -204 -402 -96 -5 -2
>403097 403101 20 12 245 -85 -204 -402 -97 -4 0
>403105 403109 31 22 239 -85 -204 -402 -95 -5 -2
>403113 403118 -8 -21 253 -85 -204 -402 -97 -7 -1
>403124 403126 -8 -14 264 -85 -204 -402 -96 -5 -6
>403132 403136 -1 -8 247 -85 -204 -402 -95 -6 -2
>403140 403144 32 26 239 -85 -204 -402 -99 -8 -2
>403148 403152 38 -1 229 -85 -204 -402 -96 -11 -3
>403156 403161 27 2 240 -85 -204 -400 -94 -6 -1
>403165 403169 19 -4 252 -85 -204 -400 -92 -3 -2
>403173 403177 -6 -3 286 -85 -204 -400 -97 -10 -4
>403181 403185 35 25 236 -85 -204 -400 -94 -3 -4
>403189 403193 21 14 301 -85 -204 -400 -93 -6 -1
>403197 403202 -7 -38 281 -85 -204 -400 -97 -4 -7
>403208 403210 9 -8 273 -85 -204 -400 -95 -2 2
>403214 403218 16 10 287 -85 -204 -400 -96 -8 0
>403222 403226 20 -21 257 -78 -198 -400 -97 -3 0
>403230 403234 38 17 220 -78 -198 -400 -92 -5 -1
>403240 403243 24 8 277 -78 -198 -400 -95 -8 -3
>403249 403251 23 5 258 -78 -198 -400 -93 -4 -1
>403257 403259 30 19 284 -78 -198 -400 -99 -4 -5
>403265 403267 23 -4 248 -78 -198 -400 -94 -9 -4
>403273 403275 24 -6 237 -78 -198 -400 -94 -4 -3
>403281 403286 15 -20 254 -78 -198 -400 -99 -5 -1
>403290 403294 4 -4 272 -79 -193 -402 -94 -7 0
>403298 403302 -20 -14 267 -79 -193 -402 -96 -6 -1
>403306 403310 16 10 292 -79 -193 -402 -95 -7 -6
>403314 403318 27 -2 265 -79 -193 -402 -98 -4 -1
>403322 403326 35 26 238 -79 -193 -402 -92 -8 -6
>403331 403335 13 5 286 -79 -193 -402 -97 -6 0
>403339 403343 14 -13 275 -79 -193 -402 -97 0 -1
>403347 403351 -14 -20 270 -79 -193 -402 -96 -3 -1
>403355 403359 1 -4 273 -18688 -15872 322 -96 -4 -4
>403365 403369 26 20 267 -74 -192 -404 -96 -7 -2
>403374 403378 25 -20 244 -74 -192 -404 -95 -4 -3
>403382 403386 27 4 226 -74 -192 -404 -95 -5 -1
>403390 403394 16 4 291 -74 -192 -404 -98 -7 0
>403398 403402 3 -6 271 -74 -192 -404 -95 -6 -3
>403406 403410 38 -11 254 -74 -192 -404 -95 -7 0
>403415 403419 30 -13 231 1602 1 2231 -96 -4 -4
>403423 403427 33 16 246 -76 -190 -404 -95 -6 -6
>403431 403435 20 11 288 -76 -190 -404 -95 -6 -4
>403439 403443 15 8 267 -76 -190 -404 -96 -3 -5
>403447 403451 33 17 214 -76 -190 -404 -93 -4 -4
>403456 403460 -13 -15 276 -76 -190 -404 -95 -6 -4
>403464 403468 25 22 269 -76 -135 -404 -95 -6 0
>403472 403476 26 7 232 -76 -190 -404 -94 -6 -4
>403480 403484 2 2 275 -76 -190 -404 -95 -8 -3
>403488 403492 30 17 247 -76 -190 -404 -94 -5 2
>403496 403501 22 -18 261 -76 -203 -403 -97 -8 -4
>403505 403509 31 -18 227 -76 -203 -403 -96 -7 -5
>403513 403517 -3 5 269 -76 -203 -403 -94 -3 -3
>403521 403525 18 16 292 -76 -203 -403 -94 -4 -2
>403529 403533 13 -35 248 -76 -203 -403 -96 -5 -5
>403539 403542 29 1 228 -76 -203 -403 -97 -6 -7
>403548 403550 33 13 247 -76 -203 -403 -93 -3 -2
>403556 403560 27 24 223 -76 -203 -403 -92 -6 -4
>403564 403568 22 -4 241 -77 -206 -410 -94 -8 -4
>403572 403576 32 29 271 -77 -206 -410 -94 -4 -3
>403580 403585 34 28 237 -77 -206 -410 -95 -3 -4
>403589 403593 19 -14 247 -77 -206 -410 -92 -5 1
>403597 403601 33 17 224 -77 -206 -410 -94 -6 0
>403605 403609 36 -8 218 -77 -206 -410 -92 -5 -3
>403613 403617 19 19 285 -77 -206 -410 -98 -5 -6
>403621 403625 18 22 250 -77 -206 -410 -95 -9 -5
>403630 403634 20 -10 238 -81 -199 -404 -93 -6 1
>403638 403642 33 24 236 -81 -199 -404 -100 -5 -3
>403646 403650 28 3 254 -81 -199 -404 -98 -5 -1
>403654 403658 26 19 230 -81 -199 -404 -95 -3 -1
>403662 403666 30 22 267 -81 -199 -404 -95 -9 -4
>403673 403675 7 7 286 -81 -199 -404 -93 -5 -2
>403679 403683 8 0 251 -81 -199 -404 -96 -5 -3
>403687 403691 32 -2 214 -81 -199 -404 -96 -7 -2
>403695 403699 -2 5 259 -82 -199 -400 -94 -7 -2
>403703 403707 9 1 287 1 19 17090 -95 -8 -3
>403712 403716 29 -33 249 -82 -199 -400 -94 -8 -2
>403720 403724 10 -28 252 -82 -199 -400 -96 -6 -1
>403728 403732 30 -16 226 -82 -199 -400 -97 -7 -3
>403738 403740 26 -10 271 -82 -199 -400 -96 -6 -2
>403746 403750 35 2 215 -82 -199 -400 -96 -8 -4
>403755 403757 29 9 249 -82 -199 -400 -95 -5 1
>403763 403765 2 -21 265 -82 -199 -400 -96 -5 -1
>403771 403773 16 9 274 -82 -199 -400 -94 -7 -6
>403779 403781 -17 -7 280 -82 -199 -400 -96 -6 -4
>403787 403791 19 15 285 -82 -199 -400 -98 -3 -2
>403795 403800 13 -32 277 -82 -199 -400 -93 -3 -5
>403804 403808 27 18 250 -82 -199 -400 -95 -4 0
>403812 403816 41 12 220 -82 -199 -400 -97 -6 -4
>403820 403824 17 9 293 -82 2231 1602 -95 -5 -1
>403828 403832 25 -13 229 -82 -199 -400 -93 -7 -5
>403836 403841 40 16 196 -83 -196 -409 -97 -5 -3
>403845 403849 25 18 282 -83 -196 -409 -94 -5 0
>403853 403857 -3 -9 271 -83 -196 -409 -99 -4 -5
>403861 403865 6 1 268 -83 -196 -409 -93 -6 -3
>403869 403873 3 5 268 -83 -196 -409 -96 -4 -3
>403877 403881 7 -22 247 -83 -196 -409 -92 -5 0
>403886 403890 13 3 266 -83 -196 -409 -95 -4 -4
>403894 403898 33 27 238 -83 -196 -409 -95 -7 -3
>403902 403906 15 -37 243 -85 -191 -402 -95 -3 -1
>403910 403914 23 -17 245 -85 -191 -402 -98 -3 -6
>403918 403922 15 -24 253 -85 -191 -402 -96 -7 -4
>403929 403931 26 25 291 -85 -191 -402 -95 -3 -2
>403937 403939 -2 -12 276 -85 -191 -402 -97 -7 -2
>403945 403949 2 -3 265 -85 -191 -402 -98 -7 -1
>403953 403957 31 7 261 -85 -191 -402 -95 -8 -3
>403961 403965 5 0 276 -85 -191 -402 -96 -5 -7
>403970 403972 -5 -30 266 -84 -192 -402 -97 -5 -4
>403978 403982 6 5 282 -84 -192 -402 -95 -7 -2
>403986 403990 14 -14 239 -84 -192 -402 -97 -5 -4
>403994 403998 30 17 236 -84 -192 -402 -100 -4 -2
>404002 404006 4 -1 266 -84 -192 -402 -97 -4 -4
>404011 404015 -2 8 258 -84 -192 -402 -94 -5 -6
>404019 404023 23 -17 235 -84 -192 -402 -95 -6 -7
>404027 404031 23 18 261 -84 -192 -402 -96 -4 -4
>404035 404039 21 -7 242 -82 -200 -404 -97 -9 -3
>404043 404047 12 3 263 -82 -200 -404 -96 -5 -4
>404051 404056 37 20 244 -82 -200 -404 -94 -5 -4
>404060 404064 32 2 232 -82 -200 -404 -94 -6 -2
>404068 404072 33 16 217 -82 -200 -404 -93 -3 -2
>404076 404080 -8 -7 280 -82 -200 -404 -94 -3 -4
>404084 404088 26 19 264 -82 -200 -404 -95 -3 0
>404092 404097 20 -8 254 -82 -200 -404 -97 -6 -3
>404101 404105 37 2 203 -82 -200 -404 -94 -5 -2
>404109 404113 3 -13 267 -82 -200 -404 -96 -7 -5
>404119 404121 19 18 293 -82 -200 -404 -96 -4 0
>404127 404129 7 -5 281 -82 -200 -404 -96 -6 -1
>404133 404137 14 -17 246 -82 -200 -404 -95 -7 -3
>404144 404146 -5 -15 273 -82 -200 -404 -92 -8 -1
>404152 404156 13 9 283 -82 -200 -404 -95 -7 -1
>404160 404164 38 1 224 -82 2231 1602 -97 -4 -3
>404168 404172 33 17 251 -82 -200 -404 -95 -3 1
>404176 404180 27 20 244 -77 -205 -400 -96 -4 -4
>404185 404189 23 -3 261 -77 -205 -400 -95 -4 1
>404193 404197 -4 -10 268 -77 -205 -400 -101 -9 -2
>404201 404205 1 0 283 -77 -205 -400 -95 -5 -2
>404209 404213 28 18 231 -77 -205 -400 -96 -8 -6
>404217 404221 12 11 269 -77 -205 -400 -98 -4 -2
>404226 404230 3 -5 275 -77 -205 -400 -95 -8 -1
>404234 404238 7 -19 262 -77 -205 -400 -94 -6 -3
>404242 404246 26 -3 244 -71 -200 -406 -96 -8 0
>404250 404254 21 -24 231 -71 -200 -406 -98 -5 -2
>404258 404262 34 23 250 -71 -200 -406 -94 -6 -3
>404267 404271 28 22 284 -71 -200 -406 -95 -3 -1
>404275 404279 22 -8 224 -71 -200 -406 -92 -3 -2
>404283 404287 35 -7 222 -71 -200 -406 -97 -6 -2
>404293 404295 18 12 295 -71 -200 -406 -94 -3 0
>404301 404303 24 18 291 -71 -200 -406 -96 -8 -3
>404310 404312 8 -17 236 -71 -189 -402 -96 -6 0
>404318 404320 24 20 256 -71 -189 -402 -97 -5 -4
>404326 404328 28 2 227 -71 -189 -402 -94 -6 -4
>404334 404336 21 -21 259 -71 -189 -402 -96 -8 -4
>404342 404346 33 19 273 -71 -189 -402 -94 -7 -4
>404350 404355 17 5 279 -71 -189 -402 -95 -6 0
>404359 404363 -7 -4 290 -71 -189 -402 -99 -9 -7
>404367 404371 9 -18 261 -71 -189 -402 -95 -5 -8
>404375 404379 28 -25 232 -69 -208 -404 -97 -5 -7
>404383 404387 18 4 279 -69 -208 -404 -96 -8 -1
>404391 404396 37 5 262 -69 -208 -404 -93 -6 -4
>404400 404404 -8 -28 248 -69 -208 -404 -96 -7 -3
>404408 404412 -12 -18 267 -69 -208 -404 -96 -5 -2
>404416 404420 9 -17 253 -69 -208 -404 -93 -4 -5
>404424 404428 30 -4 271 -69 -208 -404 -98 -6 -3
>404434 404436 25 23 242 -69 -208 -404 -97 -8 -2
>404443 404445 -1 -3 271 -69 -208 -413 -90 -5 -2
>404451 404453 23 -11 244 -82 -208 -413 -94 -2 -4
>404459 404463 32 13 259 -82 -208 -413 -94 -9 -3
>404467 404471 34 14 211 -82 -208 -413 -99 -6 -4
>404475 404480 10 12 297 -82 -208 -413 -97 -4 -3
>404484 404488 6 -7 269 -82 -208 -413 -95 -7 0
>404492 404496 18 -1 278 -82 -208 -413 -96 -7 -5
>404500 404504 38 3 248 -82 -208 -413 -96 -2 -4
>404508 404512 16 -1 289 -82 -208 -413 -98 -7 -8
>404516 404520 10 1 255 -83 2231 1602 -95 -6 -2
>404525 404529 6 2 264 -83 -208 -408 -94 -3 -3
>404533 404537 -7 -11 271 -83 -208 -408 -97 -6 0
>404541 404545 10 -7 250 -83 -208 -408 -95 -5 -2
>404549 404553 8 -23 255 -83 -208 -408 -96 -7 -5
>404557 404561 32 22 275 -83 -208 -408 -94 -6 -4
>404566 404570 1 -12 268 -83 -208 -408 -96 -3 -5
>404574 404578 14 -12 258 -83 -208 -408 -92 -4 -1
>404582 404586 20 0 241 -85 -195 -402 -94 -4 -2
>404590 404594 14 8 279 -85 -195 -402 -91 -8 -3
>404598 404602 6 -9 262 -85 -195 -402 -98 -4 -4
>404606 404611 15 -1 250 -85 -195 -402 -95 -6 -2
>404615 404619 14 -15 248 -85 -195 -402 -99 -4 -2
>404625 404627 5 -10 240 -85 -195 -402 -98 -6 -2
>404633 404635 26 19 251 -85 -195 -402 -93 -4 0
>404641 404643 18 6 262 -85 -195 -402 -96 -7 -3
>404649 404652 18 3 260 -86 -194 -402 -98 -5 -2
>404658 404660 -4 -21 268 -86 -194 -402 -98 -7 -3
>404666 404670 -5 -21 253 -86 -194 -402 -98 -4 -4
>404674 404678 34 16 232 -86 -194 -402 -95 0 -5
>404682 404686 15 8 296 -86 -194 -402 -96 -5 -1
>404690 404695 3 -13 248 -86 -194 -402 -95 -5 -3
>404699 404703 15 -2 262 -86 -194 -402 -96 -6 1
>404707 404711 31 -3 217 -86 -194 -402 -94 -4 -1
>404715 404719 14 -6 271 -81 -204 -400 -95 -5 -3
>404723 404727 15 -8 251 -81 -204 -400 -95 -6 -3
>404731 404736 23 -25 253 -81 -204 -400 -97 -5 -7
>404740 404744 23 13 291 -81 -204 -400 -98 -7 -2
>404748 404752 30 15 259 -81 -204 -400 -98 -5 -2
>404756 404760 24 -10 252 -81 -204 -400 -96 -6 -1
>404766 404768 36 5 205 -81 -204 -400 -93 -6 -4
>404774 404776 36 24 224 -81 -204 -400 -95 -8 -3
>404783 404785 -2 1 278 -79 -194 -417 -93 -5 1
>404789 404793 19 -14 267 -79 -194 -417 -98 -4 0
>404799 404801 3 -3 281 -79 -194 -417 -94 -7 -2
>404807 404809 1 -12 270 -79 -194 -417 -99 -4 -3
>404815 404817 28 33 228 -79 -194 -417 -94 -5 -3
>404824 404828 34 -6 226 -79 -194 -417 -94 -6 -5
>404832 404836 7 -9 263 -79 -194 -417 -94 -7 -2
>404840 404844 1 -1 271 -79 -194 -417 -96 -5 -5
>404848 404852 32 5 213 -79 -194 -417 -96 -5 -3
>404856 404860 17 13 291 -71 -202 -404 -95 -3 0
>404865 404869 -1 -18 259 -71 -202 -404 -95 -4 -1
>404873 404877 21 12 262 -71 -202 -404 -93 -3 -1
>404881 404885 1 3 279 -71 -202 -404 -99 -8 -2
>404889 404893 3 -22 249 -71 -202 -404 -93 -4 -5
>404897 404901 34 9 235 -71 -202 -404 -93 -5 -5
>404905 404910 25 17 264 -71 -202 -404 -96 -5 -2
>404914 404918 9 -11 265 -71 -202 -404 -96 -7 -1
>404922 404926 30 -15 232 -73 -196 -405 -95 -3 -5
>404930 404934 32 -4 246 -73 -196 -405 -95 -6 0
>404938 404942 31 -6 278 -73 -196 -405 -94 -5 -2
>404946 404951 38 9 222 -73 -196 -405 -96 -5 -3
>404955 404959 33 -3 218 -73 -196 -405 -96 -2 -3
>404963 404967 26 -13 260 -73 -196 -405 -94 -6 -3
>404971 404975 -3 -2 273 -73 -196 -405 -94 -5 -4
>404979 404983 10 -19 259 -73 -196 -405 -95 -4 -2
>404989 404992 23 -5 265 -72 -193 -402 -93 -9 -7
>404998 405002 19 5 268 -72 -193 -402 -96 -10 -1
>405006 405010 11 2 260 -72 -193 -402 -90 -6 -3
>405014 405018 19 14 282 -72 -193 -402 -94 -8 -4
>405022 405026 19 2 291 -72 -193 -402 -95 -3 1
>405030 405035 27 2 258 -72 -193 -402 -94 -6 -4
>405039 405043 35 10 213 -72 -193 -402 -96 -6 0
>405047 405051 16 3 272 -72 -193 -402 -92 -5 -2
>405055 405059 22 -7 229 -68 -204 -405 -98 -8 -3
>405063 405067 37 -6 212 -68 -204 -405 -95 -6 0
>405071 405075 -12 -12 271 -68 -204 -405 -95 -8 -2
>405080 405084 8 -2 284 -68 -204 -405 -94 -4 -4
>405088 405092 30 2 235 -68 -204 -405 -94 -4 -1
>405096 405100 11 10 284 -68 -204 -405 -95 -1 -3
>405104 405108 37 -1 228 -68 -204 -405 -97 -6 -4
>405112 405116 28 -28 265 -68 -204 -405 -96 -4 -2
>405121 405125 7 1 282 -68 -204 -405 -96 -2 2
>405129 405133 4 -7 280 -85 -200 -417 -96 -6 -2
>405137 405141 25 21 282 -85 -200 -417 -96 -2 -2
>405145 405149 1 -18 265 -85 -200 -417 -93 -9 0
>405153 405157 1 -12 274 -85 -200 -417 -95 -8 -3
>405161 405166 32 30 241 -85 -200 -417 -97 -6 -4
>405170 405174 20 0 273 -85 -200 -417 -98 -4 -2
>405178 405182 32 -5 230 -85 -200 -417 -99 -5 -4
>405186 405190 3 1 283 -85 -200 -417 -91 -5 -1
>405194 405198 22 24 275 -79 -196 -408 -95 -4 -2
>405202 405207 17 -22 255 -79 -196 -408 -96 -4 -1
>405211 405215 5 -9 253 1 19 17090 -93 -6 -1
>405219 405223 2 -1 279 -79 -196 -408 -92 -3 -2
>405227 405231 19 0 255 -79 -196 -408 -95 -4 0
>405235 405239 14 2 291 -79 -196 -408 -95 -5 -3
>405243 405248 41 21 222 -79 -196 -408 -95 -4 -2
>405252 405256 2 -23 250 -79 -196 -408 -96 -6 -6
>405260 405264 1 0 274 -82 -189 -404 -98 -5 -1
>405268 405272 21 14 260 -82 -189 -404 -93 -4 -2
>405276 405280 2 -20 254 -82 -189 -404 -95 -5 0
>405284 405288 23 2 280 -82 -189 -404 -96 -4 -2
>405293 405297 31 23 247 -82 -189 -404 -96 -7 -2
>405301 405305 8 -3 281 -82 -189 -404 -93 -4 -4
>405309 405313 18 -19 259 -82 -189 -404 -95 -3 -4
>405317 405321 15 11 282 -82 -189 -404 -93 -6 -2
>405325 405329 5 -9 244 -82 -190 -408 -98 -7 -7
>405334 405338 25 15 281 -82 -190 -408 -96 -6 -6
>405342 405346 30 -9 250 -82 -190 -408 -96 -5 -1
>405350 405354 0 -10 261 -82 -190 -408 -97 -5 -2
>405358 405362 20 17 288 -82 -190 -408 -96 -7 -1
>405368 405370 1 -9 257 -82 -190 -408 -96 -8 -2
>405377 405379 17 1 278 -82 -190 -408 -93 -5 -3
>405385 405387 34 7 228 -82 -190 -408 -97 -7 -2
>405393 405395 -4 -22 261 -82 -190 -408 -93 -5 1
>405401 405403 16 -5 279 -77 -196 -402 -94 -4 0
>405409 405411 32 -7 251 -77 -196 -402 -95 -5 -2
>405417 405420 5 2 276 -77 -196 -402 -100 -6 2
>405426 405428 29 -18 278 -77 -196 -402 -97 -6 0
>405434 405436 33 15 213 -77 -196 -402 -95 -6 -6
>405442 405446 27 24 265 -77 -196 -402 -93 -7 -3
>405450 405454 3 -11 282 -77 -196 -402 -94 -8 -2
>405458 405463 15 4 278 -77 -196 -402 -96 -6 -1
>405467 405471 27 -24 247 -84 -194 -402 -97 -4 0
>405475 405479 8 -5 256 -84 -194 -402 -92 -9 -5
>405483 405487 -3 -22 262 -84 -194 -402 -96 -3 -3
>405491 405495 2 5 273 -84 -194 -402 -96 -7 -3
>405499 405504 36 6 241 -84 -194 -402 -96 -4 -5
>405508 405512 3 -8 268 -84 -194 -402 -95 -6 -4
>405516 405520 0 -8 272 -84 -194 -402 -96 -6 -3
>405524 405528 10 -26 254 -84 -194 -402 -96 -5 -3
>405532 405536 10 0 260 -76 -187 -400 -94 -4 -3
>405540 405544 24 4 205 -76 -187 -400 -94 -11 -3
>405549 405553 -17 -4 272 -76 -187 -400 -95 -1 0
>405557 405561 8 9 284 -76 -187 -400 -96 -4 -2
>405565 405569 25 0 249 -76 -187 -400 -97 -7 -3
>405573 405577 25 10 211 -76 -187 -400 -96 -3 -5
>405581 405585 7 -19 250 -76 -187 -400 -97 -4 -1
>405590 405594 12 1 266 -76 -187 -400 -97 -3 0
>405598 405602 26 5 250 -72 -195 -409 -95 -7 -5
>405606 405610 17 -8 253 -72 -195 -409 -93 -9 -1
>405614 405618 32 9 236 -72 -195 -409 -91 -7 -1
>405622 405626 17 0 289 -72 -195 -409 -93 -4 -4
>405630 405635 32 -2 230 -72 -195 -409 -96 -7 -2
>405639 405643 31 22 241 -72 -195 -409 -97 -4 -2
>405647 405651 39 16 220 -72 -195 -409 -98 -8 -5
>405655 405659 12 -8 269 -72 -195 -409 -95 -5 -2
>405663 405667 -8 -20 274 -72 -195 -409 -94 -3 -4
>405671 405676 39 12 219 -78 -204 -405 -94 -3 3
>405680 405684 24 20 258 -78 -204 -405 -93 -6 0
>405688 405692 10 1 234 -78 -204 -405 -94 -4 -1
>405696 405700 23 -23 235 -78 -204 -405 -96 -5 -1
>405706 405708 5 -11 268 -78 -204 -405 -98 -7 -5
>405714 405716 -9 -22 259 -78 -204 -405 -97 -9 -6
>405723 405727 24 12 283 -78 -204 -405 -97 -6 -1
>405731 405735 30 13 247 -78 -204 -405 -96 -2 -2
>405739 405743 32 24 205 -75 -198 -400 -95 -5 -3
>405747 405751 25 -6 248 -75 -198 -400 -95 -4 -3
>405755 405760 -1 -13 268 -75 -198 -400 -94 -8 -1
>405764 405768 -6 -17 272 -75 -198 -400 -93 -6 -1
>405772 405776 -4 -31 257 -75 -198 -400 -96 -3 -2
>405782 405784 25 14 249 -75 -198 -400 -96 -3 -3
>405790 405792 6 -5 273 -75 -198 -400 -97 -6 -3
>405798 405800 31 22 266 -75 -198 -400 -96 -7 -2
>405807 405809 0 -12 268 -80 -196 -408 -96 -5 -6
>405815 405819 14 -5 258 -80 -196 -408 -96 -6 -3
>405823 405827 34 13 273 -80 -196 -408 -95 -7 -4
>405831 405835 31 25 229 -80 -196 -408 -93 -5 -3
>405839 405843 -1 -14 260 -80 -196 -408 -97 -7 -2
>405848 405852 7 -11 270 -80 -196 -408 -94 -5 -4
>405856 405860 1 -31 251 -80 -196 -408 -95 -4 1
>405864 405868 34 28 219 -80 -196 -408 -100 -4 -2
>405872 405876 24 23 248 -75 -198 -408 -98 -6 -4
>405880 405884 34 15 221 -75 -198 -408 -96 -7 1
>405889 405893 21 -3 246 -75 -198 -408 -94 -6 -1
>405897 405901 1 -7 279 -75 -198 -408 -97 -9 1
>405905 405909 12 -3 239 -75 -198 -408 -95 -7 -3
>405913 405917 34 -1 224 -75 -198 -408 -95 -9 -5
>405921 405925 -6 -15 261 -75 -198 -408 -96 -3 -4
>405932 405934 -12 -14 265 -75 -198 -408 -96 -2 -3
>405940 405944 8 14 268 -79 -201 -404 -93 -4 -2
>405948 405952 2 -1 284 -79 -201 -404 -96 -4 -2
>405956 405960 1 0 281 -79 -201 -404 -100 -6 -2
>405964 405968 21 22 288 -79 -201 -404 -94 -6 -2
>405972 405977 1 -8 261 -79 -201 -404 -93 -8 -5
>405981 405985 9 -28 244 -79 -201 -404 -94 -7 -3
>405989 405993 27 19 266 -79 -201 -404 -94 -7 -3
>405997 406001 22 9 245 -79 -201 -404 -95 -6 -2
>406005 406009 29 -6 226 -79 -205 -400 -93 -4 2
>406013 406018 39 8 215 -83 -205 -400 -97 -4 0
>406022 406026 15 -4 249 -83 -205 -400 -97 -7 -3
>406030 406034 27 18 274 -83 -205 -400 -94 -7 -4
>406038 406042 19 10 276 -83 -205 -400 -96 -3 -4
>406046 406050 13 8 288 -83 -205 -400 -93 -4 -1
>406054 406059 8 -1 264 -83 -205 -400 -94 -9 -6
>406063 406067 5 -5 273 -83 -205 -400 -100 -4 -1
>406071 406075 16 9 296 -83 -205 -400 -97 -8 -6
>406079 406083 9 3 293 -91 -200 -408 -98 -5 -4
>406087 406091 19 16 223 -91 -200 -408 -97 -4 -5
>406095 406099 25 14 295 -91 -200 -408 -95 -6 -7
>406104 406108 38 28 217 -91 -200 -408 -94 -3 -4
>406112 406116 30 17 244 -91 -200 -408 -95 -5 -4
>406120 406124 34 -9 224 -91 -200 -408 -93 -7 -4
>406128 406132 9 3 283 -91 -200 -408 -95 -5 -1
>406136 406140 30 17 253 -91 -200 -408 -97 -5 -2
>406145 406149 2 11 261 -89 -203 -400 -96 -5 0
>406153 406157 37 -3 224 -89 -203 -400 -94 -4 -3
>406161 406165 8 6 282 -89 -203 -400 -96 -8 -5
>406169 406173 32 -8 266 -89 -203 -400 -95 -7 -4
>406177 406181 17 9 291 -89 -203 -400 -96 -6 -5
>406185 406190 31 17 296 -89 -203 -400 -95 -7 -2
>406194 406198 7 -26 257 -89 -203 -400 -95 -2 -5
>406202 406206 33 25 263 -89 -203 -400 -94 -6 -2
>406210 406214 23 -14 263 -86 -196 -405 -97 -5 -2
>406220 406222 31 1 249 -86 -196 -405 -94 -10 -1
>406228 406231 21 0 249 -86 -196 -405 -95 -5 0
>406235 406239 23 16 282 -86 -196 -405 -95 -4 -4
>406245 406247 4 0 274 -86 -196 -405 -97 -4 -1
>406251 406255 23 6 254 -86 -196 -405 -94 -6 -3
>406259 406263 29 21 223 -86 -196 -405 -96 -6 -4
>406267 406272 10 -24 248 -86 -196 -405 -96 -3 -2
>406278 406280 16 -23 246 -86 -197 -402 -96 -7 -11
>406286 406290 -1 -12 256 -74 -197 -402 -97 -9 -6
>406294 406298 24 23 222 -74 -197 -402 -94 -10 -4
>406302 406306 25 20 261 -74 -197 -402 -96 -4 -1
>406310 406315 -1 -9 276 -74 -197 -402 -96 -1 -4
>406319 406323 31 26 262 -74 -197 -402 -96 -6 -4
>406327 406331 9 -8 270 -74 -197 -402 -97 -4 -1
>406335 406339 38 10 236 -74 -197 -402 -97 -9 -3
>406343 406347 10 0 276 -74 -197 -402 -98 -7 -4
>406351 406355 6 -10 286 -73 -197 -404 -97 -3 -4
>406360 406364 -17 -19 271 -73 -197 -404 -94 -8 -3
>406370 406374 32 28 245 -73 -197 -404 -92 -8 -5
>406378 406382 26 -3 241 -73 -197 -404 -95 -5 -6
>406386 406390 5 -9 286 -73 -197 -404 -94 -7 -2
>406394 406398 35 20 217 -73 -197 -404 -94 -8 -2
>406403 406407 28 14 293 -73 -197 -404 -97 -8 -2
>406411 406415 34 11 246 -73 -197 -404 -96 -5 -4
>406419 406423 10 -8 269 -73 -196 -400 -93 -6 -3
>406427 406431 10 2 279 -73 -196 -400 -96 -4 -3
>406435 406439 41 23 201 -73 -196 -400 -96 -2 -4
>406444 406448 15 -9 262 -73 -196 -400 -96 -8 -3
>406452 406456 -12 -6 286 -73 -196 -400 -96 -3 -2
>406460 406464 17 -12 236 -73 -196 -400 -95 -4 -4
>406470 406472 18 13 276 -73 -196 -400 -97 -4 -2
>406478 406480 14 12 223 -73 -196 -400 -98 -5 -2
>406487 406491 24 -22 263 -70 -195 -401 -94 -6 -4
>406495 406499 37 23 248 -70 -195 -401 -96 -5 -1
>406503 406507 -18 -11 282 -70 -195 -401 -100 -5 -1
>406511 406515 28 19 244 -70 -195 -401 -95 -5 -1
>406519 406523 21 4 286 -70 -195 -401 -95 -2 2
>406528 406532 22 16 285 -70 -195 -401 -95 -2 2
>406536 406540 27 14 236 -70 -195 -401 -95 -7 -7
>406544 406548 13 9 284 -70 -195 -401 -97 -6 -3
>406552 406556 30 -23 241 -74 -195 -404 -100 -3 -1
>406560 406564 9 -5 276 -74 -195 -404 -97 -5 -4
>406568 406573 27 -1 236 -74 -195 -404 -97 -6 -4
>406577 406581 -8 -13 271 -74 -195 -404 -98 -6 -5
>406587 406589 26 27 289 -74 -195 -404 -97 -5 -4
>406595 406599 14 12 287 16904 322 -18688 -96 -9 -4
>406603 406607 37 15 213 -74 -195 -404 -95 -7 -2
>406611 406616 8 -3 266 -74 -195 -404 -94 -4 -4
>406620 406624 17 10 240 -76 -200 -407 -96 -5 -3
>406628 406632 6 -12 272 -76 -200 -407 -95 -8 0
>406636 406640 11 -3 241 -76 -200 -407 -95 -6 -1
>406644 406648 14 10 272 -76 -200 -407 -96 -6 -2
>406652 406657 39 14 229 -76 -200 -407 -97 -4 0
>406661 406665 35 25 226 -76 -200 -407 -97 -7 0
>406669 406673 -1 -14 253 -76 -200 -407 -93 -7 -2
>406677 406681 -1 -9 272 -76 -200 -407 -96 -5 1
>406685 406689 18 12 286 -82 -198 -400 -95 -5 -6
>406693 406697 10 -9 254 -82 -198 -400 -94 -3 -1
>406702 406706 35 1 232 -82 -198 -400 -94 -7 -1
>406710 406714 -1 4 280 -82 -198 -400 -95 -4 -7
>406718 406722 17 10 292 -82 -198 -400 -94 -3 -5
>406728 406730 40 -8 234 -82 -198 -400 -93 -2 -4
>406736 406738 32 4 216 -82 -198 -400 -97 -6 -5
>406745 406747 37 3 226 -82 -198 -400 -97 -6 -5
>406753 406755 16 12 298 -82 -198 -400 -98 -3 -3
>406761 406763 14 -17 260 -81 -189 -410 -95 -4 -2
>406769 406773 5 -2 276 -81 -189 -410 -97 -9 -3
>406777 406781 24 13 297 -81 -189 -410 -102 -7 -2
>406786 406790 24 16 250 -81 -189 -410 -98 -10 -1
>406794 406798 3 -7 276 -81 -189 -410 -96 -7 -4
>406802 406806 33 22 289 -81 -189 -410 -94 -7 -5
>406810 406814 8 3 286 -81 -189 -410 -95 -8 -1
>406818 406822 26 6 241 -81 -189 -410 -95 -2 -2
>406827 406831 26 13 236 -85 -213 -396 -94 -9 -1
>406835 406839 5 -14 267 -85 -213 -396 -96 -4 0
>406843 406847 31 21 283 -85 -213 -396 -95 -3 -3
>406851 406855 29 2 236 -85 -213 -396 -97 -5 -5
>406859 406863 23 11 289 -85 -213 -396 -97 -3 -4
>406867 406872 20 6 287 -85 -213 -396 -96 -4 0
>406876 406880 10 11 268 -85 -213 -396 -94 -3 -3
>406884 406888 28 21 283 -85 -213 -396 -97 0 -4
>406892 406896 12 -18 261 -80 -202 -400 -97 -5 -1
>406900 406904 2 -7 287 -80 -202 -400 -93 -7 -5
>406908 406913 29 -13 249 -80 -202 -400 -98 -5 -4
>406917 406921 17 10 267 -80 -202 -400 -93 -8 -1
>406925 406929 3 2 282 -80 -202 -400 -96 -5 -1
>406933 406937 23 7 278 -80 -202 -400 -96 -13 -4
>406941 406945 35 -2 244 322 5007 -15872 -97 -4 -5
>406951 406956 15 -4 254 -80 -202 -400 -96 -5 -4
>406960 406964 23 -5 253 -85 -195 -402 -95 -4 -3
>406968 406972 20 -4 280 -85 -195 -402 -94 -3 0
>406976 406980 18 16 287 -85 -195 -402 -97 -8 -6
>406984 406988 23 18 261 -85 -195 -402 -96 -6 -4
>406992 406996 -1 -4 267 -85 -195 -402 -98 -8 -1
>407001 407005 10 3 278 -85 -195 -402 -95 -5 -1
>407009 407013 28 -15 232 -85 -195 -402 -94 -6 -6
>407017 407021 33 25 274 -85 -195 -402 -97 -6 -4
>407025 407029 28 8 237 -83 -189 -399 -96 -7 -2
>407033 407037 24 25 283 -83 -189 -399 -96 -3 -4
>407042 407046 6 2 281 -83 -189 -399 -95 -5 -3
>407050 407054 25 1 241 -83 -189 -399 -95 -2 -4
>407058 407062 21 5 265 -83 -189 -399 -95 -5 -1
>407066 407070 31 22 223 -83 -189 -399 -95 -5 -3
>407074 407078 23 -5 256 -83 -189 -399 -95 -4 -1
>407083 407087 27 -28 262 -83 -189 -399 -95 -6 -4
>407091 407095 11 8 274 -83 -189 -399 -94 -6 -3
>407099 407103 39 13 208 -76 -187 -400 -95 -4 -2
>407107 407111 11 4 260 -76 -187 -400 -95 -9 -2
>407115 407119 18 -20 243 1 19 17090 -97 -5 -3
>407123 407128 -6 -12 271 -76 -187 -400 -95 -6 -1
>407134 407136 -3 -13 280 -76 -187 -400 -97 -7 -4
>407142 407146 4 -8 251 -76 -187 -400 -97 -3 -1
>407150 407152 3 -12 258 -76 -187 -400 -98 -6 -4
>407158 407162 29 -12 224 -76 -187 -400 -96 -2 -2
>407166 407171 8 1 278 -76 -197 -404 -97 -5 -5
>407175 407179 11 -24 263 -76 -197 -404 -97 -6 -4
>407183 407187 -8 -11 278 -76 -197 -404 -97 -5 -2
>407191 407195 24 18 293 -76 -197 -404 -91 -6 -2
>407199 407203 28 1 247 -76 -197 -404 -96 -5 -1
>407207 407212 13 -11 273 -76 -197 -404 -99 -9 -1
>407216 407220 -16 -19 278 -76 -197 -404 -95 -5 -2
>407224 407228 -22 -9 289 -76 -197 -404 -97 -5 -1
>407234 407236 39 4 244 -72 -198 -400 -97 -3 -5
>407242 407244 32 -1 248 -72 -198 -400 -95 -4 -3
>407250 407255 17 7 278 -72 -198 -400 -97 -9 -3
>407259 407263 5 0 288 -72 -198 -400 -97 -4 -5
>407267 407269 10 0 271 -72 -198 -400 -97 -10 -5
>407275 407279 27 22 245 -72 -198 -400 -96 -10 -3
>407283 407287 26 13 291 -72 -198 -400 -97 -6 0
>407291 407296 29 16 238 -72 -198 -400 -98 -5 0
>407300 407304 10 -8 261 -73 -189 -402 -95 -9 -5
>407308 407312 7 4 287 -73 -189 -402 -96 -3 -4
>407316 407320 11 -3 265 -73 -189 -402 -93 -4 -2
>407324 407328 10 -10 280 -73 -189 -402 -97 -9 -3
>407332 407336 18 3 288 -73 -189 -402 -92 -4 -2
>407341 407345 32 17 240 -73 -189 -402 -96 -5 -3
>407349 407353 10 0 271 -73 -189 -402 -94 -7 -3
>407357 407361 25 -13 256 -73 -189 -402 -99 -3 -1
>407365 407369 -6 -3 265 -79 -207 -414 -95 -9 -3
>407373 407377 31 25 221 -79 -207 -414 -97 -5 -1
>407382 407386 -10 -9 267 -79 -207 -414 -93 -1 -5
>407390 407394 19 10 226 -79 -207 -414 -94 -6 -1
>407398 407402 27 9 288 -79 -207 -414 -96 -3 -5
>407406 407410 2 -3 276 -79 -207 -414 -95 -8 -3
>407414 407418 31 31 251 -79 -207 -414 -95 -1 -2
>407425 407427 32 1 222 -79 -207 -414 -95 -7 -5
>407433 407435 6 -16 233 -79 -207 -414 -92 -8 -3
>407441 407443 22 9 293 -80 -194 -408 -95 -5 -4
>407449 407451 13 20 241 -80 -194 -408 -96 -6 -1
>407457 407459 11 1 280 -80 -194 -408 -96 -8 -4
>407465 407468 33 7 248 -80 -194 -408 -93 -2 -2
>407474 407476 20 17 298 1602 1 2231 -93 -8 -3
>407482 407484 17 1 281 -80 -194 -408 -95 -6 -2
>407488 407492 19 -26 242 -80 -194 -408 -98 -5 -3
>407498 407500 20 17 274 -80 -194 -408 -97 -4 -1
>407506 407511 26 -7 242 -80 -200 -402 -98 -6 -4
>407515 407519 0 6 277 -80 -200 -402 -96 -7 -2
>407523 407527 4 -5 273 -80 -200 -402 -97 -9 -3
>407531 407535 17 -16 271 -80 -200 -402 -96 -6 -5
>407539 407543 29 19 283 -80 -200 -402 -94 -5 -4
>407547 407552 16 12 298 -80 -200 -402 -95 -7 -3
>407556 407560 9 5 286 -80 -200 -402 -96 -6 -4
>407564 407568 2 6 248 -80 -200 -402 -92 -5 -3
>407572 407576 -8 -6 265 -82 -198 -407 -97 -5 -2
>407580 407584 9 8 276 -82 -198 -407 -98 -5 -5
>407588 407592 15 0 277 -82 -198 -407 -96 -7 1
>407597 407599 11 4 288 -82 -198 -407 -94 -3 -1
>407605 407607 -5 -8 275 -82 -198 -407 -98 -5 -4
>407613 407617 5 -18 262 -82 -198 -407 -99 -4 -4
>407621 407625 7 -3 268 -82 -198 -407 -96 -6 -3
>407629 407633 -6 -15 274 -82 -198 -407 -94 -3 -2
>407638 407642 12 0 238 -81 -202 -411 -95 -5 -7
>407646 407650 26 -1 261 -81 -202 -411 -97 -4 -5
>407654 407658 14 3 291 -81 -202 -411 -95 -7 -5
>407662 407666 1 0 281 -81 -202 -411 -94 -8 -4
>407670 407674 13 11 266 -81 -202 -411 -95 -5 -1
>407678 407683 18 8 276 -81 -202 -411 -92 -2 -3
>407687 407691 4 8 285 -81 -202 -411 -95 -5 -4
>407695 407699 10 5 253 -81 -202 -411 -94 -4 -3
>407703 407707 18 2 267 -81 -202 -411 -97 -9 -3
>407711 407715 32 17 232 -87 -196 -402 -97 -5 -1
>407719 407724 -5 -1 290 -87 -196 -402 -97 -3 -1
>407728 407732 9 -16 260 -87 -196 -402 -97 -4 -2
>407736 407740 2 4 271 -87 -196 -402 -95 -7 -3
>407744 407748 -11 -25 252 -87 -196 -402 -95 -5 -1
>407752 407756 29 19 249 -87 -196 -402 -96 -9 -4
>407760 407764 25 14 227 -87 -196 -402 -98 -9 -2
>407769 407773 -11 -27 258 -87 -196 -402 -97 -3 -4
>407777 407781 35 16 220 -76 -203 -408 -98 0 -5
>407785 407789 22 -2 244 -76 -203 -408 -96 -10 -4
>407795 407797 20 9 244 -76 -203 -408 -97 -7 -5
>407803 407805 8 13 297 -76 -203 -408 -97 -5 -2
>407812 407814 -7 -19 268 -76 -203 -408 -98 -7 -4
>407820 407824 -2 -9 264 -76 -203 -408 -95 -6 -2
>407828 407832 0 -20 257 -76 -203 -408 -94 -9 -3
>407836 407840 27 -22 240 1 19 17090 -93 -4 0
>407844 407846 16 16 264 -84 -192 -404 -95 -9 -2
>407853 407857 40 13 221 -84 -192 -404 -96 -6 -4
>407861 407865 26 10 278 -84 -192 -404 -100 -6 -7
>407869 407873 19 -1 239 -84 -192 -404 -96 -6 -2
>407877 407881 12 8 285 -84 -192 -404 -93 -5 -1
>407885 407889 -3 0 251 -84 -192 -404 -95 -3 0
>407894 407898 -5 -4 270 -84 -192 -404 -95 -4 -1
>407902 407906 12 -1 271 -84 -192 -404 -95 -4 -1
>407910 407914 10 -9 282 -75 -198 -410 -96 -4 -4
>407918 407922 31 21 272 -75 -198 -410 -94 -4 1
>407926 407930 20 14 278 -75 -198 -410 -94 -7 -1
>407934 407939 25 -9 243 -75 -198 -410 -95 -5 -2
>407943 407947 4 -14 274 -75 -198 -410 -95 -5 -2
>407951 407955 30 3 244 -75 -198 -410 -96 -8 0
>407959 407963 2 -39 266 -75 -198 -410 -96 -5 -4
>407967 407971 20 -28 270 -75 -198 -410 -99 -2 -9
>407975 407980 2 -30 278 -75 -198 -410 -91 -5 -5
>407984 407988 35 -11 225 -75 -198 -410 -95 -11 -3
>407994 407998 10 -15 236 -75 -198 -410 -95 -5 0
>408002 408006 12 13 266 -75 -198 -410 -92 -10 -6
>408010 408014 16 10 272 -75 -198 -410 -95 -3 -5
>408018 408023 -9 -14 276 -75 -198 -410 -95 -5 0
>408027 408031 19 20 265 -75 -198 -410 -95 -4 -2
>408035 408039 13 -6 279 -75 -198 -410 -98 -2 -1
>408043 408047 30 7 212 -75 -198 -410 -93 -7 4
>408051 408055 16 -23 235 -72 -202 -406 -93 -6 -3
>408059 408064 9 -6 259 -72 -202 -406 -95 -5 1
>408068 408072 15 -8 272 -72 -202 -406 -96 -6 -5
>408076 408080 15 14 292 -72 -202 -406 -99 -6 -4
>408084 408088 21 19 271 -72 2231 1657 -94 -5 2
>408092 408096 19 9 266 -72 -202 -406 -96 -3 -1
>408100 408104 32 13 268 -72 -202 -406 -92 -3 -2
>408109 408113 8 -1 281 16904 322 -18688 -98 -9 -3
>408119 408121 16 8 289 -76 -202 -402 -95 -6 -5
>408127 408129 29 10 261 -76 -202 -402 -95 -6 -2
>408135 408137 29 16 283 -76 -202 -402 -95 -4 -2
>408143 408147 36 28 226 -76 -202 -402 -96 -5 0
>408152 408154 14 13 292 -76 -202 -402 -98 -7 0
>408160 408162 8 3 272 -76 -202 -402 -92 -5 1
>408166 408170 31 -10 230 -76 -202 -402 -94 -4 -1
>408176 408178 -2 -15 259 -76 -202 -402 -93 -5 -2
>408184 408188 -6 -12 269 -74 -200 -406 -95 -4 -3
>408193 408197 0 -10 276 -74 -200 -406 -95 -5 2
>408201 408205 29 26 277 -74 -200 -406 -97 -7 -4
>408209 408213 26 22 291 -74 -200 -406 -97 -5 -3
>408217 408221 -3 6 269 -74 -200 -406 -94 -2 -1
>408225 408229 36 19 233 -74 -200 -406 -97 -6 -1
>408233 408238 2 2 298 -74 -200 -406 -97 -4 -3
>408242 408246 12 -7 276 -74 -200 -406 -91 -5 -2
>408250 408254 4 -30 256 -82 -192 -407 -97 -4 -4
>408258 408262 19 8 290 -82 -192 -407 -97 -7 0
>408266 408270 23 16 254 -82 -192 -407 -93 -4 -3
>408274 408279 6 -3 267 -82 -192 -407 -97 -4 -1
>408283 408287 -12 -14 265 -82 -192 -407 -95 -3 -1
>408291 408295 9 -13 255 -82 -192 -407 -95 -7 -4
>408299 408303 31 25 268 -82 -192 -407 -94 -5 -1
>408307 408311 34 -11 219 -82 -192 -407 -94 -5 -2
>408317 408320 21 10 292 -82 -192 -407 -96 -1 1
>408326 408328 0 -12 276 -82 -192 -407 -96 -4 -6
>408334 408336 23 -11 271 -82 -192 -407 -95 -4 -2
>408342 408346 2 3 271 -82 -192 -407 -99 -7 -4
>408350 408354 13 8 277 -82 -192 -407 -94 -7 -1
>408358 408363 15 14 297 -82 -192 -407 -96 -2 -4
>408367 408371 25 -25 243 -82 -192 -407 -94 -6 -3
>408375 408379 39 23 209 -82 -192 -407 -97 -7 -2
>408383 408387 27 21 276 -82 -192 -407 -93 -4 -3
>408391 408395 24 23 265 -85 -196 -417 -96 0 -2
>408399 408403 11 3 269 -85 -196 -417 -98 -8 -3
>408408 408412 2 -9 276 -85 -196 -417 -97 -6 -1
>408416 408420 12 2 250 -85 -196 -417 -95 -6 1
>408424 408428 29 5 249 -85 -196 -417 -95 -5 -1
>408432 408436 11 2 285 -85 -196 -417 -93 -1 -5
>408440 408444 11 -10 272 -85 -196 -417 -97 -8 -5
>408449 408453 5 17 253 -85 -196 -417 -97 -6 -1
>408457 408461 10 -17 255 -85 -191 -402 -92 -6 -1
>408465 408469 17 14 288 -85 -191 -402 -95 -3 -2
>408473 408477 24 14 298 -85 -191 -402 -97 -4 -1
>408481 408485 4 5 290 -85 -191 -402 -98 -7 -3
>408489 408494 26 13 227 -85 -191 -402 -94 -5 -3
>408498 408502 5 -8 257 -85 -191 -402 -94 -4 -3
>408506 408510 38 24 233 -85 -191 -402 -94 -4 1
>408514 408518 15 5 274 -85 -191 -402 -96 -5 -2
>408522 408526 11 2 266 -82 -205 -412 -93 -6 -5
>408530 408535 3 -3 287 -82 -205 -412 -95 -8 -4
>408539 408543 7 -36 266 -82 -205 -412 -99 -5 -3
>408547 408551 29 -14 234 -82 -205 -412 -92 -7 -4
>408555 408559 14 1 256 -82 -205 -412 -95 -4 -1
>408563 408567 33 9 240 -82 -205 -412 -96 -5 -4
>408571 408576 -9 -14 272 -82 -205 -412 -96 -5 -4
>408580 408584 31 21 248 -82 -205 -412 -98 -3 -3
>408590 408592 10 -19 264 -81 -208 -406 -96 -5 0
>408598 408600 22 -7 251 -81 -208 -406 -98 -4 -6
>408606 408610 33 12 250 -81 -208 -406 -94 -7 -2
>408614 408619 -2 -3 283 -81 16904 -506 -94 -9 -2
>408623 408627 14 7 288 -81 -208 -406 -98 -6 -7
>408631 408635 5 -3 271 -81 -208 -406 -92 -7 0
>408639 408643 33 11 214 -81 -208 -406 -97 -4 -3
>408647 408651 8 3 285 -81 -208 -406 -95 -6 -1
>408655 408659 35 19 227 -81 -208 -406 -95 -8 -4
>408664 408668 16 -6 282 -79 -191 -406 -96 -7 1
>408672 408676 16 13 290 -79 -191 -406 -94 -8 -2
>408680 408684 20 14 296 -79 -191 -406 -97 -3 -5
>408688 408692 31 -6 239 -79 -191 -406 -95 -4 0
>408696 408700 5 -5 289 -79 -191 -406 -98 -4 -5
>408705 408709 7 5 290 -18688 -15872 322 -95 -8 -4
>408713 408717 16 5 280 -79 -191 -406 -95 -6 -2
>408721 408725 -2 -27 264 -79 -191 -406 -96 -7 -1
>408729 408733 30 1 211 -74 1657 -400 -98 -5 -2
>408737 408741 6 -4 280 -74 -135 -400 -96 -7 -3
>408745 408750 31 -16 253 -74 -199 -400 -94 -4 1
>408754 408758 33 -5 220 -74 -199 -400 -94 -7 -2
>408762 40